#  2theta intensity   su
   10.00    167.00   12.60
   10.05    157.00   12.50
   10.10    187.00   13.30
   10.15    197.00   14.00
   10.20    164.00   12.50
   10.25    171.00   13.00
   10.30    190.00   13.40
   10.35    182.00   13.50
   10.40    166.00   12.60
   10.45    203.00   14.30
   10.50    156.00   12.20
   10.55    190.00   13.90
   10.60    175.00   13.00
   10.65    161.00   12.90
   10.70    187.00   13.50
   10.75    166.00   13.10
   10.80    171.00   13.00
   10.85    177.00   13.60
   10.90    159.00   12.60
   10.95    184.00   13.90
   11.00    160.00   12.60
   11.05    182.00   13.90
   11.10    167.00   13.00
   11.15    169.00   13.40
   11.20    186.00   13.70
   11.25    167.00   13.30
   11.30    169.00   13.10
   11.35    159.00   13.10
   11.40    170.00   13.20
   11.45    179.00   13.90
   11.50    178.00   13.50
   11.55    188.00   14.20
   11.60    176.00   13.50
   11.65    196.00   14.60
   11.70    182.00   13.70
   11.75    183.00   14.00
   11.80    195.00   14.10
   11.85    144.00   12.40
   11.90    178.00   13.50
   11.95    175.00   13.70
   12.00    200.00   14.20
   12.05    157.00   12.90
   12.10    195.00   14.00
   12.15    164.00   13.10
   12.20    188.00   13.70
   12.25    168.00   13.10
   12.30    191.00   13.70
   12.35    178.00   13.40
   12.40    182.00   13.30
   12.45    174.00   13.30
   12.50    171.00   12.90
   12.55    174.00   13.20
   12.60    184.00   13.30
   12.65    164.00   12.80
   12.70    166.00   12.50
   12.75    177.00   13.20
   12.80    174.00   12.80
   12.85    187.00   13.50
   12.90    183.00   13.10
   12.95    187.00   13.50
   13.00    175.00   12.80
   13.05    165.00   12.70
   13.10    177.00   12.80
   13.15    182.00   13.30
   13.20    195.00   13.50
   13.25    163.00   12.60
   13.30    180.00   12.90
   13.35    171.00   12.90
   13.40    182.00   13.00
   13.45    179.00   13.10
   13.50    161.00   12.20
   13.55    156.00   12.30
   13.60    197.00   13.50
   13.65    167.00   12.70
   13.70    180.00   12.80
   13.75    182.00   13.20
   13.80    176.00   12.70
   13.85    153.00   12.10
   13.90    179.00   12.80
   13.95    156.00   12.30
   14.00    187.00   13.10
   14.05    170.00   12.80
   14.10    185.00   13.00
   14.15    180.00   13.20
   14.20    167.00   12.40
   14.25    159.00   12.40
   14.30    152.00   11.80
   14.35    173.00   13.00
   14.40    169.00   12.50
   14.45    185.00   13.40
   14.50    168.00   12.40
   14.55    193.00   13.70
   14.60    177.00   12.80
   14.65    161.00   12.50
   14.70    180.00   12.90
   14.75    165.00   12.60
   14.80    178.00   12.80
   14.85    157.00   12.30
   14.90    163.00   12.30
   14.95    143.00   11.70
   15.00    155.00   11.90
   15.05    168.00   12.80
   15.10    160.00   12.10
   15.15    155.00   12.20
   15.20    203.00   13.70
   15.25    164.00   12.60
   15.30    158.00   12.10
   15.35    152.00   12.10
   15.40    173.00   12.60
   15.45    160.00   12.50
   15.50    172.00   12.60
   15.55    164.00   12.60
   15.60    163.00   12.30
   15.65    173.00   13.00
   15.70    177.00   12.80
   15.75    184.00   13.40
   15.80    173.00   12.70
   15.85    182.00   13.30
   15.90    156.00   12.10
   15.95    152.00   12.20
   16.00    201.00   13.70
   16.05    156.00   12.30
   16.10    169.00   12.50
   16.15    178.00   13.20
   16.20    150.00   11.80
   16.25    163.00   12.60
   16.30    165.00   12.40
   16.35    160.00   12.50
   16.40    171.00   12.60
   16.45    168.00   12.80
   16.50    159.00   12.20
   16.55    166.00   12.80
   16.60    156.00   12.10
   16.65    156.00   12.40
   16.70    154.00   12.10
   16.75    173.00   13.10
   16.80    173.00   12.80
   16.85    161.00   12.70
   16.90    177.00   13.00
   16.95    159.00   12.70
   17.00    162.00   12.50
   17.05    166.00   13.00
   17.10    167.00   12.70
   17.15    166.00   13.10
   17.20    168.00   12.80
   17.25    188.00   14.00
   17.30    165.00   12.80
   17.35    171.00   13.40
   17.40    171.00   13.10
   17.45    162.00   13.10
   17.50    161.00   12.80
   17.55    177.00   13.80
   17.60    176.00   13.40
   17.65    175.00   13.70
   17.70    140.00   12.00
   17.75    177.00   13.90
   17.80    150.00   12.40
   17.85    154.00   12.90
   17.90    138.00   11.90
   17.95    161.00   13.20
   18.00    171.00   13.30
   18.05    144.00   12.50
   18.10    148.00   12.40
   18.15    169.00   13.50
   18.20    162.00   12.90
   18.25    171.00   13.50
   18.30    155.00   12.60
   18.35    143.00   12.30
   18.40    162.00   12.80
   18.45    177.00   13.60
   18.50    158.00   12.60
   18.55    142.00   12.20
   18.60    153.00   12.40
   18.65    169.00   13.30
   18.70    144.00   12.00
   18.75    171.00   13.30
   18.80    159.00   12.50
   18.85    169.00   13.10
   18.90    163.00   12.60
   18.95    154.00   12.50
   19.00    146.00   11.90
   19.05    154.00   12.50
   19.10    156.00   12.20
   19.15    195.00   14.00
   19.20    154.00   12.10
   19.25    167.00   12.90
   19.30    156.00   12.20
   19.35    148.00   12.10
   19.40    173.00   12.80
   19.45    155.00   12.40
   19.50    146.00   11.70
   19.55    173.00   13.10
   19.60    179.00   13.00
   19.65    152.00   12.30
   19.70    182.00   13.10
   19.75    183.00   13.40
   19.80    150.00   11.90
   19.85    155.00   12.30
   19.90    158.00   12.20
   19.95    161.00   12.60
   20.00    164.00   12.40
   20.05    166.00   12.80
   20.10    172.00   12.70
   20.15    148.00   12.10
   20.20    161.00   12.30
   20.25    160.00   12.60
   20.30    185.00   13.20
   20.35    165.00   12.80
   20.40    155.00   12.10
   20.45    172.00   13.00
   20.50    170.00   12.70
   20.55    180.00   13.40
   20.60    184.00   13.20
   20.65    164.00   12.80
   20.70    177.00   13.00
   20.75    150.00   12.20
   20.80    176.00   12.90
   20.85    174.00   13.20
   20.90    173.00   12.80
   20.95    167.00   12.90
   21.00    158.00   12.20
   21.05    174.00   13.20
   21.10    160.00   12.30
   21.15    174.00   13.20
   21.20    160.00   12.30
   21.25    182.00   13.40
   21.30    155.00   12.10
   21.35    182.00   13.40
   21.40    157.00   12.20
   21.45    174.00   13.20
   21.50    173.00   12.80
   21.55    165.00   12.80
   21.60    182.00   13.10
   21.65    176.00   13.20
   21.70    150.00   11.90
   21.75    162.00   12.60
   21.80    172.00   12.70
   21.85    162.00   12.70
   21.90    171.00   12.70
   21.95    165.00   12.80
   22.00    180.00   13.00
   22.05    167.00   12.80
   22.10    159.00   12.20
   22.15    159.00   12.50
   22.20    160.00   12.30
   22.25    174.00   13.10
   22.30    175.00   12.90
   22.35    172.00   13.10
   22.40    176.00   12.90
   22.45    140.00   11.80
   22.50    163.00   12.40
   22.55    180.00   13.50
   22.60    211.00   14.20
   22.65    190.00   13.90
   22.70    179.00   13.10
   22.75    195.00   14.10
   22.80    198.00   13.90
   22.85    181.00   13.70
   22.90    203.00   14.10
   22.95    193.00   14.10
   23.00    155.00   12.40
   23.05    159.00   12.90
   23.10    184.00   13.50
   23.15    145.00   12.30
   23.20    145.00   12.00
   23.25    179.00   13.70
   23.30    185.00   13.60
   23.35    168.00   13.30
   23.40    185.00   13.60
   23.45    170.00   13.40
   23.50    174.00   13.30
   23.55    164.00   13.20
   23.60    168.00   13.10
   23.65    185.00   14.10
   23.70    183.00   13.70
   23.75    172.00   13.70
   23.80    156.00   12.70
   23.85    182.00   14.00
   23.90    182.00   13.70
   23.95    149.00   12.70
   24.00    160.00   12.80
   24.05    168.00   13.50
   24.10    178.00   13.60
   24.15    169.00   13.60
   24.20    172.00   13.40
   24.25    170.00   13.60
   24.30    161.00   12.90
   24.35    168.00   13.50
   24.40    162.00   13.00
   24.45    157.00   13.00
   24.50    162.00   12.90
   24.55    159.00   13.10
   24.60    168.00   13.20
   24.65    170.00   13.50
   24.70    166.00   13.00
   24.75    146.00   12.50
   24.80    154.00   12.50
   24.85    154.00   12.70
   24.90    198.00   14.10
   24.95    195.00   14.30
   25.00    148.00   12.20
   25.05    161.00   12.90
   25.10    160.00   12.60
   25.15    160.00   12.80
   25.20    149.00   12.10
   25.25    179.00   13.50
   25.30    174.00   13.00
   25.35    168.00   13.00
   25.40    146.00   11.90
   25.45    160.00   12.70
   25.50    145.00   11.80
   25.55    151.00   12.30
   25.60    161.00   12.40
   25.65    187.00   13.60
   25.70    154.00   12.10
   25.75    157.00   12.40
   25.80    169.00   12.60
   25.85    181.00   13.40
   25.90    156.00   12.10
   25.95    185.00   13.40
   26.00    192.00   13.40
   26.05    153.00   12.20
   26.10    149.00   11.80
   26.15    154.00   12.20
   26.20    152.00   11.90
   26.25    179.00   13.20
   26.30    180.00   12.90
   26.35    160.00   12.50
   26.40    174.00   12.60
   26.45    145.00   11.80
   26.50    171.00   12.50
   26.55    162.00   12.50
   26.60    154.00   11.80
   26.65    153.00   12.10
   26.70    162.00   12.10
   26.75    160.00   12.40
   26.80    150.00   11.70
   26.85    189.00   13.40
   26.90    168.00   12.40
   26.95    144.00   11.70
   27.00    147.00   11.60
   27.05    155.00   12.20
   27.10    174.00   12.60
   27.15    169.00   12.70
   27.20    174.00   12.60
   27.25    164.00   12.60
   27.30    146.00   11.60
   27.35    149.00   12.00
   27.40    155.00   11.90
   27.45    155.00   12.20
   27.50    168.00   12.40
   27.55    131.00   11.20
   27.60    159.00   12.10
   27.65    181.00   13.20
   27.70    146.00   11.60
   27.75    188.00   13.50
   27.80    162.00   12.20
   27.85    161.00   12.50
   27.90    176.00   12.70
   27.95    152.00   12.10
   28.00    170.00   12.40
   28.05    152.00   12.00
   28.10    158.00   12.00
   28.15    168.00   12.60
   28.20    161.00   12.10
   28.25    184.00   13.30
   28.30    166.00   12.30
   28.35    193.00   13.60
   28.40    157.00   12.00
   28.45    167.00   12.60
   28.50    158.00   12.00
   28.55    135.00   11.40
   28.60    150.00   11.70
   28.65    167.00   12.70
   28.70    161.00   12.20
   28.75    157.00   12.30
   28.80    153.00   11.80
   28.85    161.00   12.50
   28.90    163.00   12.20
   28.95    133.00   11.40
   29.00    169.00   12.50
   29.05    162.00   12.50
   29.10    161.00   12.20
   29.15    163.00   12.60
   29.20    144.00   11.60
   29.25    178.00   13.20
   29.30    161.00   12.20
   29.35    141.00   11.80
   29.40    169.00   12.50
   29.45    160.00   12.50
   29.50    177.00   12.90
   29.55    174.00   13.10
   29.60    157.00   12.10
   29.65    176.00   13.20
   29.70    179.00   13.00
   29.75    166.00   12.90
   29.80    162.00   12.40
   29.85    147.00   12.20
   29.90    152.00   12.00
   29.95    171.00   13.20
   30.00    178.00   13.10
   30.05    208.00   14.60
   30.10    178.00   13.20
   30.15    149.00   12.40
   30.20    181.00   13.30
   30.25    162.00   13.00
   30.30    177.00   13.20
   30.35    165.00   13.10
   30.40    177.00   13.30
   30.45    158.00   12.90
   30.50    157.00   12.60
   30.55    163.00   13.10
   30.60    144.00   12.00
   30.65    156.00   12.80
   30.70    176.00   13.30
   30.75    179.00   13.70
   30.80    174.00   13.20
   30.85    182.00   13.80
   30.90    161.00   12.70
   30.95    166.00   13.10
   31.00    168.00   13.00
   31.05    153.00   12.60
   31.10    156.00   12.40
   31.15    174.00   13.40
   31.20    167.00   12.80
   31.25    192.00   14.00
   31.30    154.00   12.30
   31.35    166.00   13.00
   31.40    169.00   12.90
   31.45    185.00   13.70
   31.50    165.00   12.60
   31.55    163.00   12.80
   31.60    173.00   12.90
   31.65    169.00   13.00
   31.70    188.00   13.40
   31.75    195.00   13.90
   31.80    195.00   13.60
   31.85    221.00   14.70
   31.90    229.00   14.70
   31.95    302.00   17.20
   32.00    327.00   17.50
   32.05    380.00   19.30
   32.10    358.00   18.30
   32.15    394.00   19.60
   32.20    373.00   18.70
   32.25    362.00   18.70
   32.30    306.00   16.90
   32.35    276.00   16.40
   32.40    237.00   14.80
   32.45    203.00   14.00
   32.50    178.00   12.80
   32.55    199.00   13.90
   32.60    167.00   12.40
   32.65    185.00   13.40
   32.70    180.00   12.90
   32.75    178.00   13.10
   32.80    145.00   11.50
   32.85    176.00   13.00
   32.90    177.00   12.70
   32.95    182.00   13.20
   33.00    167.00   12.40
   33.05    152.00   12.10
   33.10    144.00   11.50
   33.15    170.00   12.80
   33.20    156.00   11.90
   33.25    154.00   12.20
   33.30    180.00   12.80
   33.35    176.00   13.00
   33.40    183.00   12.90
   33.45    162.00   12.40
   33.50    180.00   12.80
   33.55    165.00   12.60
   33.60    174.00   12.50
   33.65    179.00   13.00
   33.70    152.00   11.70
   33.75    182.00   13.10
   33.80    184.00   12.90
   33.85    166.00   12.50
   33.90    182.00   12.80
   33.95    162.00   12.40
   34.00    174.00   12.50
   34.05    153.00   12.00
   34.10    182.00   12.80
   34.15    180.00   13.00
   34.20    167.00   12.20
   34.25    173.00   12.70
   34.30    153.00   11.70
   34.35    160.00   12.30
   34.40    180.00   12.70
   34.45    168.00   12.50
   34.50    167.00   12.20
   34.55    176.00   12.80
   34.60    165.00   12.10
   34.65    174.00   12.80
   34.70    161.00   12.00
   34.75    178.00   12.90
   34.80    170.00   12.30
   34.85    166.00   12.50
   34.90    173.00   12.40
   34.95    158.00   12.20
   35.00    166.00   12.20
   35.05    170.00   12.60
   35.10    162.00   12.00
   35.15    183.00   13.10
   35.20    176.00   12.50
   35.25    171.00   12.60
   35.30    174.00   12.50
   35.35    179.00   12.90
   35.40    176.00   12.50
   35.45    193.00   13.40
   35.50    180.00   12.70
   35.55    188.00   13.30
   35.60    177.00   12.60
   35.65    176.00   12.90
   35.70    171.00   12.40
   35.75    185.00   13.30
   35.80    178.00   12.70
   35.85    152.00   12.10
   35.90    160.00   12.10
   35.95    187.00   13.50
   36.00    167.00   12.40
   36.05    181.00   13.30
   36.10    166.00   12.40
   36.15    165.00   12.80
   36.20    170.00   12.70
   36.25    197.00   14.10
   36.30    179.00   13.10
   36.35    172.00   13.20
   36.40    181.00   13.30
   36.45    174.00   13.40
   36.50    162.00   12.60
   36.55    166.00   13.10
   36.60    158.00   12.50
   36.65    199.00   14.40
   36.70    188.00   13.70
   36.75    177.00   13.70
   36.80    167.00   12.90
   36.85    156.00   12.90
   36.90    174.00   13.20
   36.95    176.00   13.70
   37.00    152.00   12.40
   37.05    191.00   14.40
   37.10    151.00   12.50
   37.15    202.00   14.80
   37.20    191.00   14.00
   37.25    161.00   13.20
   37.30    199.00   14.30
   37.35    175.00   13.70
   37.40    146.00   12.30
   37.45    181.00   14.00
   37.50    221.00   15.00
   37.55    194.00   14.40
   37.60    158.00   12.70
   37.65    171.00   13.50
   37.70    172.00   13.20
   37.75    168.00   13.30
   37.80    192.00   13.90
   37.85    185.00   13.90
   37.90    193.00   13.90
   37.95    178.00   13.60
   38.00    195.00   13.90
   38.05    175.00   13.40
   38.10    178.00   13.20
   38.15    173.00   13.30
   38.20    195.00   13.70
   38.25    194.00   13.90
   38.30    191.00   13.50
   38.35    178.00   13.30
   38.40    184.00   13.30
   38.45    186.00   13.50
   38.50    202.00   13.80
   38.55    200.00   14.00
   38.60    210.00   14.00
   38.65    198.00   13.90
   38.70    225.00   14.50
   38.75    209.00   14.30
   38.80    229.00   14.60
   38.85    197.00   13.90
   38.90    220.00   14.30
   38.95    215.00   14.40
   39.00    242.00   15.00
   39.05    340.00   18.10
   39.10    441.00   20.20
   39.15    654.00   25.10
   39.20    962.00   29.70
   39.25   1477.00   37.70
   39.30   2012.00   43.00
   39.35   2634.00   50.20
   39.40   3115.00   53.40
   39.45   3467.00   57.50
   39.50   3532.00   56.70
   39.55   3337.00   56.30
   39.60   2595.00   48.60
   39.65   1943.00   42.90
   39.70   1251.00   33.70
   39.75    828.00   28.00
   39.80    525.00   21.80
   39.85    377.00   18.80
   39.90    294.00   16.30
   39.95    233.00   14.80
   40.00    233.00   14.50
   40.05    253.00   15.40
   40.10    253.00   15.10
   40.15    213.00   14.10
   40.20    196.00   13.20
   40.25    222.00   14.40
   40.30    172.00   12.40
   40.35    218.00   14.30
   40.40    206.00   13.60
   40.45    195.00   13.60
   40.50    209.00   13.70
   40.55    192.00   13.50
   40.60    197.00   13.30
   40.65    188.00   13.30
   40.70    202.00   13.50
   40.75    208.00   14.00
   40.80    184.00   12.90
   40.85    177.00   13.00
   40.90    202.00   13.50
   40.95    198.00   13.80
   41.00    203.00   13.60
   41.05    193.00   13.60
   41.10    188.00   13.10
   41.15    211.00   14.20
   41.20    189.00   13.10
   41.25    200.00   13.90
   41.30    198.00   13.50
   41.35    203.00   14.00
   41.40    197.00   13.40
   41.45    190.00   13.60
   41.50    212.00   14.00
   41.55    185.00   13.40
   41.60    228.00   14.50
   41.65    167.00   12.80
   41.70    207.00   13.90
   41.75    187.00   13.60
   41.80    190.00   13.30
   41.85    192.00   13.80
   41.90    185.00   13.20
   41.95    161.00   12.70
   42.00    187.00   13.30
   42.05    191.00   13.80
   42.10    159.00   12.30
   42.15    170.00   13.10
   42.20    182.00   13.20
   42.25    186.00   13.70
   42.30    192.00   13.60
   42.35    178.00   13.50
   42.40    186.00   13.40
   42.45    180.00   13.50
   42.50    178.00   13.10
   42.55    182.00   13.60
   42.60    179.00   13.20
   42.65    203.00   14.50
   42.70    191.00   13.70
   42.75    207.00   14.60
   42.80    183.00   13.40
   42.85    180.00   13.60
   42.90    191.00   13.70
   42.95    187.00   13.90
   43.00    184.00   13.50
   43.05    182.00   13.80
   43.10    178.00   13.30
   43.15    169.00   13.30
   43.20    158.00   12.60
   43.25    180.00   13.70
   43.30    174.00   13.20
   43.35    184.00   14.00
   43.40    178.00   13.40
   43.45    180.00   13.80
   43.50    144.00   12.00
   43.55    169.00   13.40
   43.60    177.00   13.30
   43.65    156.00   12.80
   43.70    148.00   12.20
   43.75    159.00   12.90
   43.80    195.00   14.00
   43.85    186.00   14.00
   43.90    180.00   13.40
   43.95    192.00   14.10
   44.00    186.00   13.50
   44.05    180.00   13.60
   44.10    174.00   13.10
   44.15    181.00   13.60
   44.20    178.00   13.20
   44.25    189.00   13.80
   44.30    206.00   14.10
   44.35    183.00   13.60
   44.40    161.00   12.40
   44.45    170.00   13.00
   44.50    203.00   13.90
   44.55    168.00   12.90
   44.60    199.00   13.70
   44.65    192.00   13.70
   44.70    192.00   13.40
   44.75    200.00   14.00
   44.80    206.00   13.90
   44.85    193.00   13.70
   44.90    188.00   13.20
   44.95    200.00   13.90
   45.00    193.00   13.40
   45.05    203.00   14.00
   45.10    212.00   14.00
   45.15    197.00   13.80
   45.20    219.00   14.20
   45.25    219.00   14.60
   45.30    226.00   14.50
   45.35    282.00   16.50
   45.40    353.00   18.10
   45.45    469.00   21.30
   45.50    741.00   26.20
   45.55   1176.00   33.70
   45.60   1577.00   38.10
   45.65   2122.00   45.30
   45.70   2726.00   50.10
   45.75   2990.00   53.70
   45.80   2991.00   52.50
   45.85   2796.00   52.00
   45.90   2372.00   46.80
   45.95   1752.00   41.20
   46.00   1209.00   33.40
   46.05    824.00   28.30
   46.10    512.00   21.80
   46.15    353.00   18.60
   46.20    273.00   15.90
   46.25    259.00   15.90
   46.30    233.00   14.80
   46.35    220.00   14.70
   46.40    228.00   14.60
   46.45    231.00   15.10
   46.50    218.00   14.30
   46.55    210.00   14.40
   46.60    212.00   14.20
   46.65    187.00   13.60
   46.70    207.00   14.00
   46.75    212.00   14.50
   46.80    188.00   13.40
   46.85    178.00   13.30
   46.90    186.00   13.30
   46.95    192.00   13.80
   47.00    192.00   13.50
   47.05    186.00   13.60
   47.10    208.00   14.10
   47.15    199.00   14.10
   47.20    165.00   12.50
   47.25    212.00   14.50
   47.30    191.00   13.50
   47.35    185.00   13.60
   47.40    171.00   12.70
   47.45    176.00   13.20
   47.50    179.00   13.00
   47.55    187.00   13.60
   47.60    181.00   13.10
   47.65    173.00   13.10
   47.70    167.00   12.50
   47.75    182.00   13.40
   47.80    171.00   12.70
   47.85    185.00   13.50
   47.90    177.00   12.90
   47.95    154.00   12.40
   48.00    200.00   13.70
   48.05    177.00   13.30
   48.10    184.00   13.20
   48.15    166.00   12.80
   48.20    181.00   13.10
   48.25    208.00   14.40
   48.30    186.00   13.20
   48.35    164.00   12.70
   48.40    196.00   13.60
   48.45    169.00   12.90
   48.50    173.00   12.70
   48.55    200.00   14.10
   48.60    163.00   12.40
   48.65    173.00   13.10
   48.70    187.00   13.30
   48.75    177.00   13.30
   48.80    200.00   13.80
   48.85    171.00   13.00
   48.90    192.00   13.50
   48.95    178.00   13.30
   49.00    169.00   12.70
   49.05    160.00   12.70
   49.10    182.00   13.20
   49.15    173.00   13.20
   49.20    170.00   12.80
   49.25    181.00   13.60
   49.30    170.00   12.90
   49.35    164.00   13.00
   49.40    166.00   12.70
   49.45    174.00   13.40
   49.50    173.00   13.10
   49.55    137.00   11.90
   49.60    166.00   12.80
   49.65    194.00   14.20
   49.70    160.00   12.60
   49.75    152.00   12.50
   49.80    180.00   13.30
   49.85    160.00   12.90
   49.90    149.00   12.20
   49.95    172.00   13.40
   50.00    170.00   13.00
   50.05    175.00   13.50
   50.10    162.00   12.70
   50.15    168.00   13.20
   50.20    186.00   13.60
   50.25    179.00   13.60
   50.30    165.00   12.70
   50.35    155.00   12.60
   50.40    170.00   12.90
   50.45    162.00   12.80
   50.50    157.00   12.30
   50.55    173.00   13.20
   50.60    149.00   12.00
   50.65    167.00   13.00
   50.70    165.00   12.60
   50.75    157.00   12.50
   50.80    177.00   13.00
   50.85    187.00   13.60
   50.90    155.00   12.10
   50.95    194.00   13.70
   51.00    147.00   11.70
   51.05    169.00   12.80
   51.10    166.00   12.40
   51.15    193.00   13.60
   51.20    168.00   12.40
   51.25    188.00   13.40
   51.30    182.00   12.80
   51.35    180.00   13.10
   51.40    177.00   12.70
   51.45    188.00   13.30
   51.50    187.00   13.00
   51.55    178.00   12.90
   51.60    177.00   12.60
   51.65    184.00   13.10
   51.70    172.00   12.40
   51.75    188.00   13.30
   51.80    194.00   13.20
   51.85    179.00   12.90
   51.90    176.00   12.50
   51.95    180.00   12.90
   52.00    169.00   12.20
   52.05    178.00   12.90
   52.10    165.00   12.10
   52.15    149.00   11.70
   52.20    168.00   12.20
   52.25    157.00   12.10
   52.30    151.00   11.60
   52.35    181.00   13.00
   52.40    172.00   12.40
   52.45    178.00   12.90
   52.50    179.00   12.60
   52.55    171.00   12.60
   52.60    129.00   10.70
   52.65    180.00   13.00
   52.70    154.00   11.70
   52.75    182.00   13.10
   52.80    166.00   12.20
   52.85    156.00   12.10
   52.90    164.00   12.10
   52.95    166.00   12.50
   53.00    176.00   12.50
   53.05    182.00   13.10
   53.10    173.00   12.50
   53.15    160.00   12.30
   53.20    169.00   12.30
   53.25    162.00   12.30
   53.30    164.00   12.10
   53.35    165.00   12.40
   53.40    177.00   12.60
   53.45    173.00   12.80
   53.50    158.00   11.90
   53.55    164.00   12.40
   53.60    175.00   12.50
   53.65    166.00   12.50
   53.70    161.00   12.00
   53.75    167.00   12.50
   53.80    136.00   11.00
   53.85    167.00   12.50
   53.90    152.00   11.70
   53.95    159.00   12.20
   54.00    172.00   12.40
   54.05    179.00   12.90
   54.10    169.00   12.20
   54.15    165.00   12.40
   54.20    166.00   12.10
   54.25    162.00   12.30
   54.30    175.00   12.40
   54.35    162.00   12.30
   54.40    145.00   11.40
   54.45    148.00   11.70
   54.50    157.00   11.80
   54.55    176.00   12.80
   54.60    162.00   12.00
   54.65    153.00   12.00
   54.70    178.00   12.60
   54.75    147.00   11.80
   54.80    146.00   11.50
   54.85    170.00   12.70
   54.90    155.00   11.80
   54.95    170.00   12.70
   55.00    142.00   11.30
   55.05    154.00   12.10
   55.10    150.00   11.70
   55.15    145.00   11.80
   55.20    151.00   11.80
   55.25    162.00   12.50
   55.30    153.00   11.90
   55.35    170.00   12.90
   55.40    153.00   11.90
   55.45    156.00   12.40
   55.50    163.00   12.40
   55.55    149.00   12.20
   55.60    135.00   11.30
   55.65    158.00   12.60
   55.70    144.00   11.70
   55.75    152.00   12.40
   55.80    165.00   12.70
   55.85    164.00   13.00
   55.90    175.00   13.10
   55.95    150.00   12.40
   56.00    168.00   12.90
   56.05    159.00   12.90
   56.10    187.00   13.60
   56.15    170.00   13.30
   56.20    159.00   12.60
   56.25    148.00   12.50
   56.30    159.00   12.60
   56.35    174.00   13.50
   56.40    195.00   14.00
   56.45    219.00   15.10
   56.50    216.00   14.70
   56.55    271.00   16.80
   56.60    337.00   18.30
   56.65    417.00   20.80
   56.70    390.00   19.70
   56.75    414.00   20.70
   56.80    388.00   19.60
   56.85    317.00   18.10
   56.90    307.00   17.40
   56.95    250.00   16.00
   57.00    205.00   14.20
   57.05    167.00   13.00
   57.10    179.00   13.20
   57.15    159.00   12.70
   57.20    170.00   12.80
   57.25    168.00   13.00
   57.30    180.00   13.10
   57.35    144.00   12.00
   57.40    178.00   13.00
   57.45    203.00   14.20
   57.50    159.00   12.30
   57.55    165.00   12.80
   57.60    164.00   12.40
   57.65    135.00   11.60
   57.70    157.00   12.20
   57.75    162.00   12.70
   57.80    175.00   12.90
   57.85    161.00   12.60
   57.90    174.00   12.80
   57.95    187.00   13.70
   58.00    164.00   12.50
   58.05    188.00   13.70
   58.10    163.00   12.40
   58.15    177.00   13.30
   58.20    181.00   13.10
   58.25    156.00   12.50
   58.30    163.00   12.40
   58.35    190.00   13.80
   58.40    162.00   12.40
   58.45    186.00   13.70
   58.50    169.00   12.70
   58.55    160.00   12.70
   58.60    171.00   12.80
   58.65    160.00   12.60
   58.70    174.00   12.90
   58.75    163.00   12.70
   58.80    180.00   13.10
   58.85    176.00   13.20
   58.90    174.00   12.80
   58.95    177.00   13.30
   59.00    186.00   13.30
   59.05    157.00   12.40
   59.10    188.00   13.30
   59.15    162.00   12.60
   59.20    160.00   12.20
   59.25    196.00   13.90
   59.30    178.00   12.90
   59.35    188.00   13.50
   59.40    161.00   12.30
   59.45    157.00   12.30
   59.50    183.00   13.00
   59.55    169.00   12.80
   59.60    150.00   11.80
   59.65    195.00   13.70
   59.70    175.00   12.70
   59.75    160.00   12.40
   59.80    168.00   12.40
   59.85    191.00   13.50
   59.90    181.00   12.80
   59.95    168.00   12.70
   60.00    181.00   12.80
   60.05    158.00   12.20
   60.10    160.00   12.00
   60.15    151.00   12.00
   60.20    171.00   12.40
   60.25    167.00   12.60
   60.30    160.00   12.00
   60.35    157.00   12.10
   60.40    172.00   12.40
   60.45    140.00   11.50
   60.50    172.00   12.40
   60.55    150.00   11.90
   60.60    179.00   12.70
   60.65    153.00   12.00
   60.70    170.00   12.40
   60.75    184.00   13.10
   60.80    158.00   11.90
   60.85    177.00   12.90
   60.90    159.00   12.00
   60.95    157.00   12.20
   61.00    168.00   12.30
   61.05    154.00   12.00
   61.10    170.00   12.40
   61.15    147.00   11.80
   61.20    161.00   12.10
   61.25    175.00   12.90
   61.30    170.00   12.40
   61.35    153.00   12.10
   61.40    165.00   12.30
   61.45    164.00   12.50
   61.50    174.00   12.60
   61.55    160.00   12.40
   61.60    188.00   13.20
   61.65    182.00   13.30
   61.70    197.00   13.50
   61.75    163.00   12.60
   61.80    176.00   12.80
   61.85    157.00   12.40
   61.90    166.00   12.40
   61.95    173.00   13.10
   62.00    167.00   12.50
   62.05    175.00   13.20
   62.10    143.00   11.60
   62.15    148.00   12.10
   62.20    178.00   13.00
   62.25    180.00   13.40
   62.30    141.00   11.60
   62.35    202.00   14.30
   62.40    172.00   12.80
   62.45    169.00   13.00
   62.50    143.00   11.80
   62.55    146.00   12.20
   62.60    169.00   12.80
   62.65    146.00   12.30
   62.70    156.00   12.30
   62.75    147.00   12.30
   62.80    158.00   12.40
   62.85    178.00   13.50
   62.90    163.00   12.60
   62.95    168.00   13.10
   63.00    164.00   12.60
   63.05    180.00   13.60
   63.10    189.00   13.60
   63.15    164.00   12.90
   63.20    181.00   13.20
   63.25    179.00   13.50
   63.30    147.00   11.90
   63.35    179.00   13.50
   63.40    150.00   12.00
   63.45    168.00   12.90
   63.50    156.00   12.20
   63.55    181.00   13.40
   63.60    170.00   12.70
   63.65    181.00   13.30
   63.70    184.00   13.10
   63.75    153.00   12.20
   63.80    166.00   12.40
   63.85    166.00   12.60
   63.90    169.00   12.50
   63.95    175.00   12.90
   64.00    157.00   12.00
   64.05    165.00   12.40
   64.10    169.00   12.30
   64.15    164.00   12.40
   64.20    181.00   12.80
   64.25    189.00   13.30
   64.30    179.00   12.60
   64.35    157.00   12.10
   64.40    189.00   13.00
   64.45    167.00   12.50
   64.50    178.00   12.50
   64.55    144.00   11.60
   64.60    180.00   12.60
   64.65    182.00   12.90
   64.70    199.00   13.20
   64.75    172.00   12.60
   64.80    191.00   12.90
   64.85    166.00   12.30
   64.90    157.00   11.70
   64.95    197.00   13.50
   65.00    204.00   13.40
   65.05    183.00   13.00
   65.10    189.00   12.90
   65.15    189.00   13.20
   65.20    170.00   12.20
   65.25    188.00   13.20
   65.30    176.00   12.40
   65.35    172.00   12.60
   65.40    182.00   12.70
   65.45    205.00   13.80
   65.50    191.00   13.00
   65.55    192.00   13.30
   65.60    190.00   12.90
   65.65    194.00   13.40
   65.70    212.00   13.70
   65.75    221.00   14.30
   65.80    227.00   14.20
   65.85    227.00   14.60
   65.90    239.00   14.60
   65.95    261.00   15.60
   66.00    301.00   16.40
   66.05    409.00   19.60
   66.10    559.00   22.30
   66.15    820.00   27.80
   66.20   1276.00   33.90
   66.25   1776.00   41.00
   66.30   2322.00   45.70
   66.35   2880.00   52.20
   66.40   3051.00   52.50
   66.45   2980.00   53.10
   66.50   2572.00   48.20
   66.55   1961.00   43.20
   66.60   1315.00   34.50
   66.65    919.00   29.60
   66.70    548.00   22.40
   66.75    405.00   19.70
   66.80    299.00   16.50
   66.85    309.00   17.20
   66.90    279.00   15.90
   66.95    281.00   16.40
   67.00    235.00   14.70
   67.05    239.00   15.10
   67.10    212.00   14.00
   67.15    228.00   14.80
   67.20    231.00   14.50
   67.25    198.00   13.80
   67.30    223.00   14.30
   67.35    201.00   13.90
   67.40    208.00   13.80
   67.45    207.00   14.10
   67.50    217.00   14.10
   67.55    196.00   13.70
   67.60    182.00   12.90
   67.65    182.00   13.20
   67.70    186.00   13.10
   67.75    176.00   13.00
   67.80    192.00   13.30
   67.85    215.00   14.50
   67.90    178.00   12.90
   67.95    191.00   13.70
   68.00    178.00   12.90
   68.05    185.00   13.50
   68.10    171.00   12.70
   68.15    174.00   13.30
   68.20    193.00   13.60
   68.25    182.00   13.60
   68.30    178.00   13.10
   68.35    196.00   14.10
   68.40    178.00   13.10
   68.45    173.00   13.30
   68.50    175.00   13.10
   68.55    178.00   13.60
   68.60    177.00   13.20
   68.65    176.00   13.60
   68.70    200.00   14.10
   68.75    177.00   13.60
   68.80    185.00   13.60
   68.85    167.00   13.20
   68.90    158.00   12.60
   68.95    176.00   13.60
   69.00    192.00   13.80
   69.05    174.00   13.50
   69.10    154.00   12.40
   69.15    153.00   12.70
   69.20    167.00   12.90
   69.25    168.00   13.30
   69.30    167.00   12.90
   69.35    163.00   13.10
   69.40    157.00   12.50
   69.45    185.00   13.90
   69.50    151.00   12.30
   69.55    176.00   13.50
   69.60    187.00   13.60
   69.65    170.00   13.20
   69.70    164.00   12.70
   69.75    204.00   14.50
   69.80    169.00   12.80
   69.85    191.00   13.90
   69.90    177.00   13.10
   69.95    157.00   12.60
   70.00    173.00   12.80
   70.05    199.00   14.10
   70.10    168.00   12.60
   70.15    191.00   13.70
   70.20    165.00   12.40
   70.25    156.00   12.30
   70.30    163.00   12.30
   70.35    149.00   12.00
   70.40    199.00   13.60
   70.45    158.00   12.30
   70.50    158.00   12.10
   70.55    150.00   12.00
   70.60    197.00   13.50
   70.65    167.00   12.60
   70.70    180.00   12.80
   70.75    187.00   13.40
   70.80    190.00   13.20
   70.85    169.00   12.70
   70.90    214.00   14.00
   70.95    188.00   13.50
   71.00    200.00   13.50
   71.05    186.00   13.30
   71.10    169.00   12.40
   71.15    166.00   12.60
   71.20    175.00   12.60
   71.25    170.00   12.80
   71.30    191.00   13.20
   71.35    185.00   13.30
   71.40    191.00   13.20
   71.45    181.00   13.20
   71.50    188.00   13.10
   71.55    164.00   12.60
   71.60    185.00   13.00
   71.65    168.00   12.70
   71.70    168.00   12.40
   71.75    167.00   12.60
   71.80    158.00   12.00
   71.85    173.00   12.90
   71.90    177.00   12.70
   71.95    193.00   13.60
   72.00    190.00   13.20
   72.05    174.00   12.90
   72.10    161.00   12.10
   72.15    147.00   11.80
   72.20    165.00   12.30
   72.25    188.00   13.40
   72.30    172.00   12.50
   72.35    176.00   12.90
   72.40    167.00   12.30
   72.45    186.00   13.30
   72.50    178.00   12.70
   72.55    158.00   12.20
   72.60    168.00   12.30
   72.65    180.00   13.10
   72.70    154.00   11.80
   72.75    162.00   12.40
   72.80    168.00   12.30
   72.85    194.00   13.50
   72.90    164.00   12.10
   72.95    169.00   12.60
   73.00    160.00   12.00
   73.05    164.00   12.50
   73.10    171.00   12.40
   73.15    169.00   12.60
   73.20    167.00   12.30
   73.25    150.00   12.00
   73.30    173.00   12.50
   73.35    183.00   13.20
   73.40    169.00   12.40
   73.45    180.00   13.10
   73.50    173.00   12.50
   73.55    195.00   13.70
   73.60    178.00   12.80
   73.65    193.00   13.60
   73.70    179.00   12.80
   73.75    153.00   12.20
   73.80    169.00   12.40
   73.85    165.00   12.60
   73.90    172.00   12.60
   73.95    171.00   12.80
   74.00    178.00   12.80
   74.05    180.00   13.20
   74.10    168.00   12.50
   74.15    169.00   12.80
   74.20    190.00   13.20
   74.25    170.00   12.80
   74.30    178.00   12.80
   74.35    158.00   12.40
   74.40    185.00   13.10
   74.45    181.00   13.30
   74.50    173.00   12.70
   74.55    163.00   12.60
   74.60    184.00   13.10
   74.65    181.00   13.40
   74.70    192.00   13.50
   74.75    166.00   12.90
   74.80    168.00   12.60
   74.85    200.00   14.20
   74.90    188.00   13.40
   74.95    190.00   13.90
   75.00    211.00   14.30
   75.05    172.00   13.20
   75.10    198.00   13.90
   75.15    230.00   15.40
   75.20    264.00   16.10
   75.25    227.00   15.20
   75.30    289.00   16.80
   75.35    290.00   17.20
   75.40    284.00   16.70
   75.45    250.00   16.10
   75.50    233.00   15.10
   75.55    239.00   15.70
   75.60    239.00   15.30
   75.65    204.00   14.40
   75.70    178.00   13.20
   75.75    189.00   13.90
   75.80    202.00   14.00
   75.85    181.00   13.50
   75.90    190.00   13.50
   75.95    177.00   13.30
   76.00    199.00   13.80
   76.05    193.00   13.90
   76.10    170.00   12.70
   76.15    170.00   13.00
   76.20    165.00   12.50
   76.25    192.00   13.70
   76.30    171.00   12.70
   76.35    169.00   12.80
   76.40    168.00   12.50
   76.45    183.00   13.30
   76.50    173.00   12.60
   76.55    178.00   13.10
   76.60    175.00   12.70
   76.65    191.00   13.50
   76.70    166.00   12.30
   76.75    187.00   13.40
   76.80    191.00   13.20
   76.85    184.00   13.30
   76.90    168.00   12.40
   76.95    177.00   13.00
   77.00    205.00   13.70
   77.05    188.00   13.40
   77.10    166.00   12.30
   77.15    180.00   13.10
   77.20    179.00   12.80
   77.25    179.00   13.10
   77.30    163.00   12.20
   77.35    188.00   13.40
   77.40    169.00   12.40
   77.45    179.00   13.00
   77.50    169.00   12.40
   77.55    201.00   13.80
   77.60    184.00   12.90
   77.65    187.00   13.30
   77.70    207.00   13.70
   77.75    170.00   12.70
   77.80    193.00   13.20
   77.85    189.00   13.50
   77.90    205.00   13.70
   77.95    183.00   13.20
   78.00    179.00   12.80
   78.05    188.00   13.40
   78.10    194.00   13.30
   78.15    220.00   14.50
   78.20    195.00   13.40
   78.25    176.00   13.00
   78.30    208.00   13.80
   78.35    185.00   13.30
   78.40    217.00   14.10
   78.45    203.00   14.00
   78.50    200.00   13.50
   78.55    196.00   13.70
   78.60    197.00   13.40
   78.65    217.00   14.40
   78.70    179.00   12.80
   78.75    184.00   13.30
   78.80    187.00   13.10
   78.85    219.00   14.40
   78.90    193.00   13.30
   78.95    214.00   14.30
   79.00    207.00   13.70
   79.05    199.00   13.80
   79.10    224.00   14.30
   79.15    244.00   15.20
   79.20    217.00   14.10
   79.25    266.00   15.90
   79.30    281.00   16.00
   79.35    425.00   20.10
   79.40    527.00   21.90
   79.45    735.00   26.50
   79.50   1057.00   31.10
   79.55   1483.00   37.70
   79.60   1955.00   42.20
   79.65   2315.00   47.10
   79.70   2552.00   48.30
   79.75   2506.00   49.00
   79.80   2261.00   45.50
   79.85   1842.00   42.10
   79.90   1328.00   34.90
   79.95    911.00   29.60
   80.00    592.00   23.40
   80.05    430.00   20.40
   80.10    312.00   17.00
   80.15    284.00   16.60
   80.20    285.00   16.20
   80.25    247.00   15.50
   80.30    250.00   15.20
   80.35    231.00   15.00
   80.40    272.00   15.90
   80.45    235.00   15.20
   80.50    188.00   13.20
   80.55    223.00   14.80
   80.60    218.00   14.30
   80.65    221.00   14.80
   80.70    210.00   14.10
   80.75    199.00   14.00
   80.80    207.00   14.00
   80.85    208.00   14.40
   80.90    178.00   13.00
   80.95    194.00   14.00
   81.00    202.00   13.90
   81.05    226.00   15.10
   81.10    209.00   14.20
   81.15    194.00   14.10
   81.20    179.00   13.20
   81.25    183.00   13.70
   81.30    187.00   13.50
   81.35    198.00   14.30
   81.40    198.00   14.00
   81.45    209.00   14.70
   81.50    187.00   13.60
   81.55    211.00   14.90
   81.60    198.00   14.10
   81.65    164.00   13.10
   81.70    200.00   14.10
   81.75    212.00   14.90
   81.80    197.00   14.00
   81.85    191.00   14.20
   81.90    195.00   14.00
   81.95    217.00   15.10
   82.00    189.00   13.80
   82.05    182.00   13.80
   82.10    174.00   13.20
   82.15    182.00   13.80
   82.20    199.00   14.00
   82.25    179.00   13.60
   82.30    197.00   13.90
   82.35    228.00   15.30
   82.40    170.00   12.90
   82.45    203.00   14.40
   82.50    232.00   15.10
   82.55    178.00   13.50
   82.60    216.00   14.50
   82.65    205.00   14.30
   82.70    185.00   13.30
   82.75    212.00   14.60
   82.80    199.00   13.70
   82.85    169.00   12.90
   82.90    165.00   12.50
   82.95    203.00   14.10
   83.00    215.00   14.20
   83.05    199.00   13.90
   83.10    200.00   13.60
   83.15    174.00   12.90
   83.20    192.00   13.30
   83.25    206.00   14.10
   83.30    191.00   13.20
   83.35    203.00   13.90
   83.40    210.00   13.90
   83.45    194.00   13.60
   83.50    245.00   14.90
   83.55    242.00   15.10
   83.60    255.00   15.20
   83.65    310.00   17.10
   83.70    408.00   19.20
   83.75    498.00   21.70
   83.80    729.00   25.60
   83.85    934.00   29.60
   83.90   1121.00   31.70
   83.95   1320.00   35.20
   84.00   1476.00   36.30
   84.05   1276.00   34.60
   84.10   1129.00   31.80
   84.15    887.00   28.80
   84.20    643.00   23.90
   84.25    490.00   21.40
   84.30    343.00   17.50
   84.35    284.00   16.30
   84.40    263.00   15.30
   84.45    229.00   14.60
   84.50    235.00   14.50
   84.55    246.00   15.10
   84.60    205.00   13.50
   84.65    217.00   14.20
   84.70    217.00   13.90
   84.75    197.00   13.50
   84.80    195.00   13.10
   84.85    232.00   14.70
   84.90    182.00   12.70
   84.95    192.00   13.40
   85.00    172.00   12.40
   85.05    191.00   13.30
   85.10    200.00   13.30
   85.15    186.00   13.10
   85.20    190.00   13.00
   85.25    211.00   14.00
   85.30    184.00   12.80
   85.35    180.00   12.90
   85.40    182.00   12.70
   85.45    184.00   13.10
   85.50    175.00   12.40
   85.55    176.00   12.80
   85.60    166.00   12.10
   85.65    180.00   12.90
   85.70    195.00   13.10
   85.75    183.00   13.10
   85.80    182.00   12.70
   85.85    168.00   12.50
   85.90    177.00   12.60
   85.95    190.00   13.30
   86.00    178.00   12.60
   86.05    180.00   13.00
   86.10    181.00   12.70
   86.15    177.00   12.90
   86.20    171.00   12.40
   86.25    193.00   13.50
   86.30    181.00   12.70
   86.35    180.00   13.00
   86.40    198.00   13.30
   86.45    177.00   12.90
   86.50    161.00   12.00
   86.55    166.00   12.50
   86.60    176.00   12.60
   86.65    190.00   13.40
   86.70    185.00   12.90
   86.75    173.00   12.90
   86.80    176.00   12.60
   86.85    159.00   12.30
   86.90    188.00   13.10
   86.95    199.00   13.90
   87.00    180.00   12.90
   87.05    164.00   12.60
   87.10    180.00   12.90
   87.15    190.00   13.60
   87.20    179.00   12.90
   87.25    177.00   13.20
   87.30    183.00   13.10
   87.35    174.00   13.20
   87.40    164.00   12.50
   87.45    165.00   12.90
   87.50    185.00   13.30
   87.55    191.00   13.90
   87.60    181.00   13.20
   87.65    143.00   12.10
   87.70    170.00   12.90
   87.75    150.00   12.40
   87.80    187.00   13.50
   87.85    181.00   13.60
   87.90    171.00   12.90
   87.95    179.00   13.60
   88.00    146.00   12.00
   88.05    175.00   13.40
   88.10    182.00   13.40
   88.15    176.00   13.50
   88.20    164.00   12.70
   88.25    152.00   12.60
   88.30    188.00   13.60
   88.35    152.00   12.50
   88.40    172.00   13.00
   88.45    140.00   12.00
   88.50    176.00   13.10
   88.55    168.00   13.10
   88.60    197.00   13.80
   88.65    190.00   13.90
   88.70    176.00   13.10
   88.75    167.00   13.00
   88.80    182.00   13.30
   88.85    175.00   13.20
   88.90    154.00   12.10
   88.95    168.00   12.90
   89.00    187.00   13.30
   89.05    163.00   12.70
   89.10    173.00   12.80
   89.15    161.00   12.50
   89.20    170.00   12.60
   89.25    178.00   13.10
   89.30    174.00   12.70
   89.35    172.00   12.80
   89.40    167.00   12.40
   89.45    168.00   12.60
   89.50    164.00   12.20
   89.55    183.00   13.10
   89.60    141.00   11.30
   89.65    173.00   12.80
   89.70    190.00   13.10
   89.75    180.00   13.00
   89.80    162.00   12.10
   89.85    166.00   12.50
   89.90    164.00   12.10
   89.95    166.00   12.50
   90.00    170.00   12.40
   90.05    176.00   12.90
   90.10    181.00   12.80
   90.15    175.00   12.90
   90.20    161.00   12.10
   90.25    170.00   12.70
   90.30    166.00   12.30
   90.35    175.00   12.90
   90.40    171.00   12.50
   90.45    172.00   12.80
   90.50    183.00   12.90
   90.55    165.00   12.50
   90.60    181.00   12.80
   90.65    168.00   12.70
   90.70    179.00   12.70
   90.75    157.00   12.20
   90.80    172.00   12.50
   90.85    187.00   13.30
   90.90    181.00   12.80
   90.95    163.00   12.40
   91.00    163.00   12.10
   91.05    166.00   12.50
   91.10    161.00   12.00
   91.15    167.00   12.50
   91.20    148.00   11.50
   91.25    175.00   12.80
   91.30    195.00   13.20
   91.35    181.00   13.00
   91.40    173.00   12.50
   91.45    160.00   12.30
   91.50    180.00   12.70
   91.55    183.00   13.10
   91.60    156.00   11.90
   91.65    163.00   12.40
   91.70    175.00   12.50
   91.75    189.00   13.30
   91.80    181.00   12.70
   91.85    186.00   13.20
   91.90    184.00   12.80
   91.95    187.00   13.20
   92.00    191.00   13.10
   92.05    203.00   13.70
   92.10    194.00   13.10
   92.15    237.00   14.80
   92.20    242.00   14.60
   92.25    307.00   16.90
   92.30    299.00   16.30
   92.35    340.00   17.70
   92.40    357.00   17.70
   92.45    354.00   18.10
   92.50    370.00   18.00
   92.55    375.00   18.60
   92.60    303.00   16.30
   92.65    264.00   15.60
   92.70    243.00   14.60
   92.75    207.00   13.90
   92.80    199.00   13.20
   92.85    180.00   12.90
   92.90    202.00   13.30
   92.95    188.00   13.20
   93.00    183.00   12.70
   93.05    170.00   12.60
   93.10    180.00   12.60
   93.15    182.00   13.10
   93.20    186.00   12.90
   93.25    196.00   13.60
   93.30    177.00   12.60
   93.35    198.00   13.70
   93.40    182.00   12.80
   93.45    183.00   13.20
   93.50    184.00   12.90
   93.55    181.00   13.20
   93.60    190.00   13.20
   93.65    176.00   13.10
   93.70    197.00   13.50
   93.75    174.00   13.10
   93.80    159.00   12.20
   93.85    171.00   13.00
   93.90    159.00   12.20
   93.95    170.00   13.00
   94.00    172.00   12.70
   94.05    159.00   12.60
   94.10    160.00   12.30
   94.15    173.00   13.20
   94.20    147.00   11.90
   94.25    143.00   12.00
   94.30    150.00   12.00
   94.35    155.00   12.50
   94.40    160.00   12.40
   94.45    155.00   12.60
   94.50    176.00   13.00
   94.55    198.00   14.20
   94.60    179.00   13.20
   94.65    161.00   12.80
   94.70    175.00   13.10
   94.75    157.00   12.70
   94.80    173.00   13.00
   94.85    168.00   13.10
   94.90    171.00   12.90
   94.95    173.00   13.20
   95.00    183.00   13.30
   95.05    148.00   12.20
   95.10    160.00   12.40
   95.15    171.00   13.10
   95.20    167.00   12.60
   95.25    195.00   13.90
   95.30    175.00   12.90
   95.35    200.00   14.10
   95.40    176.00   12.90
   95.45    175.00   13.10
   95.50    194.00   13.50
   95.55    190.00   13.60
   95.60    154.00   12.00
   95.65    166.00   12.70
   95.70    164.00   12.30
   95.75    166.00   12.60
   95.80    162.00   12.20
   95.85    183.00   13.20
   95.90    149.00   11.60
   95.95    171.00   12.80
   96.00    165.00   12.30
   96.05    181.00   13.10
   96.10    188.00   13.00
   96.15    184.00   13.20
   96.20    162.00   12.10
   96.25    163.00   12.40
   96.30    165.00   12.20
   96.35    183.00   13.10
   96.40    182.00   12.80
   96.45    156.00   12.10
   96.50    159.00   11.90
   96.55    139.00   11.40
   96.60    165.00   12.10
   96.65    164.00   12.40
   96.70    184.00   12.80
   96.75    159.00   12.10
   96.80    159.00   11.90
   96.85    155.00   12.00
   96.90    162.00   12.00
   96.95    157.00   12.00
   97.00    160.00   11.90
   97.05    168.00   12.50
   97.10    168.00   12.20
   97.15    151.00   11.80
   97.20    162.00   11.90
   97.25    163.00   12.20
   97.30    166.00   12.10
   97.35    161.00   12.20
   97.40    158.00   11.80
   97.45    151.00   11.80
   97.50    163.00   12.00
   97.55    179.00   12.80
   97.60    166.00   12.10
   97.65    155.00   11.90
   97.70    160.00   11.80
   97.75    152.00   11.80
   97.80    184.00   12.70
   97.85    175.00   12.60
   97.90    161.00   11.80
   97.95    166.00   12.30
   98.00    150.00   11.40
   98.05    179.00   12.80
   98.10    184.00   12.70
   98.15    151.00   11.80
   98.20    173.00   12.30
   98.25    164.00   12.30
   98.30    178.00   12.50
   98.35    176.00   12.80
   98.40    162.00   11.90
   98.45    173.00   12.70
   98.50    154.00   11.60
   98.55    184.00   13.10
   98.60    142.00   11.20
   98.65    184.00   13.00
   98.70    156.00   11.70
   98.75    177.00   12.80
   98.80    163.00   12.00
   98.85    173.00   12.70
   98.90    180.00   12.70
   98.95    181.00   13.00
   99.00    165.00   12.10
   99.05    177.00   12.90
   99.10    155.00   11.80
   99.15    147.00   11.70
   99.20    163.00   12.10
   99.25    172.00   12.70
   99.30    145.00   11.40
   99.35    156.00   12.10
   99.40    161.00   12.00
   99.45    189.00   13.50
   99.50    182.00   12.90
   99.55    172.00   12.80
   99.60    176.00   12.70
   99.65    166.00   12.60
   99.70    190.00   13.20
   99.75    154.00   12.20
   99.80    198.00   13.50
   99.85    152.00   12.20
   99.90    160.00   12.20
   99.95    174.00   13.00
  100.00    187.00   13.20
  100.05    178.00   13.20
  100.10    149.00   11.80
  100.15    171.00   13.00
  100.20    185.00   13.20
  100.25    207.00   14.40
  100.30    184.00   13.20
  100.35    187.00   13.70
  100.40    231.00   14.90
  100.45    226.00   15.10
  100.50    203.00   14.00
  100.55    214.00   14.80
  100.60    279.00   16.50
  100.65    319.00   18.10
  100.70    397.00   19.70
  100.75    435.00   21.20
  100.80    539.00   23.00
  100.85    665.00   26.30
  100.90    724.00   26.80
  100.95    723.00   27.50
  101.00    783.00   27.90
  101.05    719.00   27.50
  101.10    585.00   24.20
  101.15    465.00   22.10
  101.20    371.00   19.30
  101.25    328.00   18.50
  101.30    277.00   16.70
  101.35    248.00   16.10
  101.40    209.00   14.40
  101.45    221.00   15.10
  101.50    198.00   14.00
  101.55    203.00   14.50
  101.60    188.00   13.60
  101.65    207.00   14.50
  101.70    195.00   13.80
  101.75    170.00   13.10
  101.80    192.00   13.60
  101.85    172.00   13.10
  101.90    185.00   13.30
  101.95    183.00   13.40
  102.00    211.00   14.10
  102.05    147.00   12.00
  102.10    176.00   12.80
  102.15    186.00   13.40
  102.20    171.00   12.60
  102.25    169.00   12.70
  102.30    192.00   13.20
  102.35    215.00   14.30
  102.40    146.00   11.50
  102.45    169.00   12.60
  102.50    188.00   13.10
  102.55    175.00   12.80
  102.60    165.00   12.20
  102.65    184.00   13.10
  102.70    172.00   12.40
  102.75    179.00   13.00
  102.80    163.00   12.10
  102.85    167.00   12.50
  102.90    179.00   12.70
  102.95    171.00   12.70
  103.00    181.00   12.70
  103.05    171.00   12.70
  103.10    180.00   12.70
  103.15    173.00   12.80
  103.20    167.00   12.20
  103.25    186.00   13.20
  103.30    176.00   12.50
  103.35    191.00   13.40
  103.40    170.00   12.30
  103.45    167.00   12.50
  103.50    165.00   12.10
  103.55    182.00   13.00
  103.60    173.00   12.40
  103.65    186.00   13.20
  103.70    161.00   12.00
  103.75    166.00   12.40
  103.80    157.00   11.80
  103.85    170.00   12.50
  103.90    183.00   12.70
  103.95    179.00   12.90
  104.00    164.00   12.00
  104.05    169.00   12.50
  104.10    161.00   11.90
  104.15    156.00   12.00
  104.20    163.00   12.00
  104.25    174.00   12.70
  104.30    161.00   11.90
  104.35    169.00   12.50
  104.40    158.00   11.80
  104.45    180.00   12.90
  104.50    171.00   12.30
  104.55    165.00   12.30
  104.60    163.00   12.00
  104.65    172.00   12.60
  104.70    164.00   12.00
  104.75    174.00   12.60
  104.80    178.00   12.50
  104.85    154.00   11.90
  104.90    176.00   12.40
  104.95    142.00   11.40
  105.00    163.00   12.00
  105.05    177.00   12.80
  105.10    194.00   13.00
  105.15    176.00   12.70
  105.20    207.00   13.50
  105.25    158.00   12.10
  105.30    151.00   11.50
  105.35    183.00   13.00
  105.40    159.00   11.80
  105.45    179.00   12.90
  105.50    170.00   12.20
  105.55    192.00   13.30
  105.60    160.00   11.90
  105.65    168.00   12.40
  105.70    183.00   12.70
  105.75    163.00   12.30
  105.80    162.00   11.90
  105.85    182.00   12.90
  105.90    154.00   11.60
  105.95    180.00   12.90
  106.00    168.00   12.20
  106.05    166.00   12.40
  106.10    155.00   11.70
  106.15    190.00   13.30
  106.20    165.00   12.10
  106.25    163.00   12.30
  106.30    183.00   12.80
  106.35    165.00   12.50
  106.40    173.00   12.50
  106.45    163.00   12.50
  106.50    151.00   11.70
  106.55    198.00   13.80
  106.60    165.00   12.20
  106.65    157.00   12.30
  106.70    159.00   12.10
  106.75    177.00   13.10
  106.80    156.00   12.00
  106.85    182.00   13.40
  106.90    181.00   13.00
  106.95    158.00   12.50
  107.00    176.00   12.80
  107.05    163.00   12.70
  107.10    156.00   12.10
  107.15    213.00   14.60
  107.20    172.00   12.80
  107.25    170.00   13.00
  107.30    168.00   12.60
  107.35    169.00   13.00
  107.40    169.00   12.70
  107.45    168.00   13.00
  107.50    155.00   12.10
  107.55    164.00   12.80
  107.60    168.00   12.70
  107.65    144.00   12.00
  107.70    166.00   12.60
  107.75    172.00   13.10
  107.80    156.00   12.20
  107.85    154.00   12.40
  107.90    143.00   11.60
  107.95    152.00   12.30
  108.00    174.00   12.80
  108.05    168.00   12.80
  108.10    164.00   12.40
  108.15    160.00   12.50
  108.20    176.00   12.80
  108.25    174.00   13.00
  108.30    175.00   12.70
  108.35    163.00   12.60
  108.40    169.00   12.50
  108.45    180.00   13.10
  108.50    159.00   12.00
  108.55    173.00   12.80
  108.60    148.00   11.60
  108.65    169.00   12.60
  108.70    167.00   12.30
  108.75    168.00   12.50
  108.80    175.00   12.50
  108.85    163.00   12.30
  108.90    164.00   12.10
  108.95    189.00   13.30
  109.00    192.00   13.10
  109.05    181.00   13.00
  109.10    202.00   13.40
  109.15    190.00   13.30
  109.20    163.00   12.00
  109.25    216.00   14.10
  109.30    220.00   14.00
  109.35    230.00   14.60
  109.40    255.00   15.00
  109.45    253.00   15.30
  109.50    273.00   15.50
  109.55    296.00   16.50
  109.60    300.00   16.30
  109.65    331.00   17.50
  109.70    347.00   17.50
  109.75    349.00   18.00
  109.80    341.00   17.40
  109.85    332.00   17.50
  109.90    298.00   16.20
  109.95    259.00   15.50
  110.00    227.00   14.10
  110.05    203.00   13.70
  110.10    222.00   14.00
  110.15    175.00   12.70
  110.20    183.00   12.70
  110.25    197.00   13.50
  110.30    176.00   12.40
  110.35    179.00   12.90
  110.40    176.00   12.50
  110.45    178.00   12.80
  110.50    210.00   13.60
  110.55    181.00   13.00
  110.60    167.00   12.20
  110.65    165.00   12.40
  110.70    172.00   12.30
  110.75    175.00   12.80
  110.80    177.00   12.50
  110.85    194.00   13.40
  110.90    171.00   12.30
  110.95    177.00   12.80
  111.00    188.00   12.90
  111.05    175.00   12.80
  111.10    194.00   13.10
  111.15    179.00   12.90
  111.20    171.00   12.30
  111.25    165.00   12.40
  111.30    183.00   12.70
  111.35    184.00   13.00
  111.40    187.00   12.90
  111.45    178.00   12.80
  111.50    172.00   12.30
  111.55    179.00   12.90
  111.60    205.00   13.40
  111.65    168.00   12.50
  111.70    161.00   11.90
  111.75    182.00   13.00
  111.80    167.00   12.20
  111.85    193.00   13.40
  111.90    188.00   12.90
  111.95    204.00   13.80
  112.00    179.00   12.60
  112.05    176.00   12.80
  112.10    185.00   12.80
  112.15    174.00   12.70
  112.20    175.00   12.50
  112.25    198.00   13.60
  112.30    199.00   13.30
  112.35    207.00   13.90
  112.40    204.00   13.50
  112.45    180.00   13.00
  112.50    137.00   11.10
  112.55    179.00   13.00
  112.60    183.00   12.80
  112.65    166.00   12.60
  112.70    166.00   12.30
  112.75    189.00   13.40
  112.80    181.00   12.80
  112.85    194.00   13.60
  112.90    171.00   12.50
  112.95    202.00   13.90
  113.00    216.00   14.10
  113.05    198.00   14.00
  113.10    189.00   13.30
  113.15    170.00   13.00
  113.20    182.00   13.10
  113.25    195.00   14.00
  113.30    177.00   13.00
  113.35    180.00   13.50
  113.40    195.00   13.70
  113.45    201.00   14.30
  113.50    203.00   14.00
  113.55    200.00   14.30
  113.60    209.00   14.20
  113.65    231.00   15.40
  113.70    281.00   16.60
  113.75    287.00   17.20
  113.80    324.00   17.80
  113.85    395.00   20.20
  113.90    457.00   21.20
  113.95    580.00   24.40
  114.00    685.00   26.00
  114.05    873.00   30.00
  114.10    964.00   30.80
  114.15   1126.00   34.00
  114.20   1266.00   35.20
  114.25   1307.00   36.50
  114.30   1221.00   34.50
  114.35   1096.00   33.30
  114.40    978.00   30.70
  114.45    792.00   28.20
  114.50    600.00   24.00
  114.55    487.00   22.00
  114.60    358.00   18.50
  114.65    279.00   16.60
  114.70    265.00   15.80
  114.75    258.00   15.90
  114.80    244.00   15.10
  114.85    226.00   14.80
  114.90    227.00   14.50
  114.95    188.00   13.50
  115.00    195.00   13.40
  115.05    211.00   14.20
  115.10    205.00   13.70
  115.15    198.00   13.70
  115.20    218.00   14.00
  115.25    200.00   13.70
  115.30    200.00   13.40
  115.35    188.00   13.30
  115.40    209.00   13.70
  115.45    184.00   13.10
  115.50    186.00   12.90
  115.55    202.00   13.70
  115.60    183.00   12.70
  115.65    187.00   13.10
  115.70    182.00   12.60
  115.75    185.00   13.10
  115.80    213.00   13.70
  115.85    177.00   12.80
  115.90    199.00   13.20
  115.95    185.00   13.00
  116.00    184.00   12.70
  116.05    191.00   13.30
  116.10    173.00   12.30
  116.15    196.00   13.50
  116.20    201.00   13.30
  116.25    173.00   12.70
  116.30    178.00   12.60
  116.35    161.00   12.30
  116.40    208.00   13.60
  116.45    183.00   13.10
  116.50    183.00   12.80
  116.55    173.00   12.80
  116.60    184.00   12.80
  116.65    215.00   14.20
  116.70    201.00   13.40
  116.75    193.00   13.40
  116.80    190.00   13.00
  116.85    216.00   14.20
  116.90    195.00   13.10
  116.95    203.00   13.80
  117.00    183.00   12.80
  117.05    203.00   13.70
  117.10    187.00   12.90
  117.15    216.00   14.20
  117.20    191.00   13.00
  117.25    189.00   13.30
  117.30    189.00   13.00
  117.35    226.00   14.50
  117.40    185.00   12.90
  117.45    194.00   13.50
  117.50    185.00   12.80
  117.55    213.00   14.10
  117.60    197.00   13.30
  117.65    198.00   14.50
  117.70    168.00   13.00
  117.75    209.00   14.90
  117.80    185.00   13.70
  117.85    208.00   14.90
  117.90    213.00   14.70
  117.95    203.00   14.70
  118.00    225.00   15.10
  118.05    214.00   15.10
  118.10    233.00   15.40
  118.15    245.00   16.20
  118.20    236.00   15.50
  118.25    245.00   16.20
  118.30    305.00   17.60
  118.35    287.00   17.10
  118.40    317.00   17.40
  118.45    421.00   20.60
  118.50    422.00   20.10
  118.55    590.00   24.40
  118.60    701.00   26.80
  118.65    861.00   28.60
  118.70   1054.00   31.00
  118.75   1232.00   34.30
  118.80   1483.00   36.80
  118.85   1694.00   40.30
  118.90   1819.00   40.80
  118.95   1845.00   42.30
  119.00   1866.00   41.50
  119.05   1726.00   41.00
  119.10   1492.00   37.20
  119.15   1232.00   34.80
  119.20    971.00   30.10
  119.25    753.00   27.20
  119.30    626.00   24.20
  119.35    487.00   21.90
  119.40    409.00   19.60
  119.45    342.00   18.50
  119.50    307.00   17.10
  119.55    296.00   17.20
  119.60    231.00   14.90
  119.65    246.00   15.80
  119.70    220.00   14.50
  119.75    255.00   16.10
  119.80    214.00   14.40
  119.85    247.00   15.90
  119.90    238.00   15.20
  119.95    218.00   15.00
  120.00    222.00   14.70
  120.05    218.00   15.00
  120.10    253.00   15.80
  120.15    197.00   14.30
  120.20    190.00   13.60
  120.25    221.00   15.10
  120.30    204.00   14.20
  120.35    206.00   14.60
  120.40    189.00   13.60
  120.45    231.00   15.40
  120.50    190.00   13.60
  120.55    191.00   13.90
  120.60    211.00   14.30
  120.65    204.00   14.30
  120.70    200.00   13.90
  120.75    199.00   14.10
  120.80    190.00   13.50
  120.85    195.00   13.90
  120.90    179.00   13.00
  120.95    189.00   13.60
  121.00    190.00   13.30
  121.05    195.00   13.80
  121.10    193.00   13.40
  121.15    173.00   12.80
  121.20    183.00   13.00
  121.25    181.00   13.10
  121.30    203.00   13.50
  121.35    177.00   12.90
  121.40    201.00   13.40
  121.45    179.00   12.90
  121.50    179.00   12.60
  121.55    194.00   13.40
  121.60    158.00   11.90
  121.65    195.00   13.40
  121.70    201.00   13.40
  121.75    192.00   13.40
  121.80    189.00   13.00
  121.85    186.00   13.10
  121.90    170.00   12.30
  121.95    166.00   12.40
  122.00    185.00   12.80
  122.05    197.00   13.60
  122.10    177.00   12.60
  122.15    198.00   13.60
  122.20    174.00   12.50
  122.25    171.00   12.60
  122.30    190.00   13.00
  122.35    214.00   14.20
  122.40    189.00   13.00
  122.45    174.00   12.80
  122.50    171.00   12.40
  122.55    163.00   12.40
  122.60    174.00   12.40
  122.65    177.00   12.80
  122.70    180.00   12.60
  122.75    186.00   13.10
  122.80    190.00   13.00
  122.85    170.00   12.60
  122.90    175.00   12.50
  122.95    194.00   13.40
  123.00    175.00   12.50
  123.05    194.00   13.40
  123.10    189.00   12.90
  123.15    222.00   14.30
  123.20    178.00   12.50
  123.25    158.00   12.10
  123.30    191.00   13.00
  123.35    184.00   13.00
  123.40    190.00   12.90
  123.45    183.00   13.00
  123.50    178.00   12.50
  123.55    204.00   13.70
  123.60    192.00   13.00
  123.65    200.00   13.50
  123.70    182.00   12.60
  123.75    171.00   12.50
  123.80    186.00   12.70
  123.85    197.00   13.40
  123.90    174.00   12.30
  123.95    167.00   12.30
  124.00    178.00   12.40
  124.05    198.00   13.40
  124.10    205.00   13.30
  124.15    216.00   14.00
  124.20    200.00   13.20
  124.25    204.00   13.60
  124.30    190.00   12.80
  124.35    188.00   13.10
  124.40    191.00   12.90
  124.45    186.00   13.00
  124.50    175.00   12.30
  124.55    175.00   12.60
  124.60    174.00   12.30
  124.65    194.00   13.30
  124.70    181.00   12.50
  124.75    161.00   12.10
  124.80    186.00   12.70
  124.85    200.00   13.50
  124.90    168.00   12.10
  124.95    177.00   12.70
  125.00    188.00   12.80
  125.05    177.00   12.70
  125.10    163.00   11.90
  125.15    175.00   12.70
  125.20    188.00   12.80
  125.25    176.00   12.80
  125.30    172.00   12.30
  125.35    172.00   12.60
  125.40    181.00   12.70
  125.45    186.00   13.20
  125.50    181.00   12.70
  125.55    193.00   13.40
  125.60    177.00   12.60
  125.65    176.00   12.90
  125.70    194.00   13.20
  125.75    179.00   13.00
  125.80    147.00   11.50
  125.85    186.00   13.30
  125.90    182.00   12.90
  125.95    165.00   12.70
  126.00    164.00   12.30
  126.05    199.00   13.90
  126.10    167.00   12.40
  126.15    184.00   13.40
  126.20    203.00   13.80
  126.25    190.00   13.70
  126.30    182.00   13.10
  126.35    180.00   13.40
  126.40    179.00   13.00
  126.45    179.00   13.40
  126.50    170.00   12.70
  126.55    176.00   13.30
  126.60    178.00   13.10
  126.65    185.00   13.70
  126.70    193.00   13.60
  126.75    192.00   14.00
  126.80    198.00   13.80
  126.85    195.00   14.00
  126.90    165.00   12.60
  126.95    189.00   13.80
  127.00    175.00   13.00
  127.05    176.00   13.30
  127.10    184.00   13.30
  127.15    179.00   13.40
  127.20    187.00   13.40
  127.25    176.00   13.20
  127.30    191.00   13.50
  127.35    194.00   13.90
  127.40    177.00   12.90
  127.45    177.00   13.20
  127.50    180.00   13.00
  127.55    158.00   12.40
  127.60    193.00   13.40
  127.65    177.00   13.10
  127.70    185.00   13.10
  127.75    178.00   13.10
  127.80    184.00   13.00
  127.85    188.00   13.40
  127.90    182.00   12.90
  127.95    190.00   13.50
  128.00    191.00   13.20
  128.05    165.00   12.50
  128.10    174.00   12.50
  128.15    158.00   12.20
  128.20    197.00   13.30
  128.25    183.00   13.10
  128.30    196.00   13.30
  128.35    166.00   12.50
  128.40    218.00   14.00
  128.45    206.00   13.80
  128.50    184.00   12.80
  128.55    176.00   12.70
  128.60    198.00   13.20
  128.65    215.00   14.10
  128.70    179.00   12.60
  128.75    192.00   13.30
  128.80    201.00   13.30
  128.85    221.00   14.20
  128.90    227.00   14.10
  128.95    229.00   14.40
  129.00    254.00   14.90
  129.05    256.00   15.30
  129.10    272.00   15.40
  129.15    239.00   14.80
  129.20    228.00   14.10
  129.25    255.00   15.20
  129.30    213.00   13.60
  129.35    203.00   13.60
  129.40    228.00   14.10
  129.45    220.00   14.10
  129.50    185.00   12.60
  129.55    192.00   13.20
  129.60    187.00   12.70
  129.65    182.00   12.80
  129.70    209.00   13.40
  129.75    173.00   12.50
  129.80    202.00   13.20
  129.85    178.00   12.70
  129.90    189.00   12.80
  129.95    177.00   12.60
  130.00    177.00   12.30
  130.05    190.00   13.10
  130.10    178.00   12.40
  130.15    177.00   12.60
  130.20    164.00   11.90
  130.25    185.00   12.90
  130.30    153.00   11.40
  130.35    174.00   12.50
  130.40    197.00   13.00
  130.45    192.00   13.10
  130.50    174.00   12.20
  130.55    177.00   12.60
  130.60    172.00   12.10
  130.65    173.00   12.50
  130.70    178.00   12.40
  130.75    180.00   12.80
  130.80    203.00   13.20
  130.85    192.00   13.20
  130.90    184.00   12.60
  130.95    197.00   13.30
  131.00    169.00   12.10
  131.05    187.00   13.00
  131.10    175.00   12.30
  131.15    177.00   12.60
  131.20    199.00   13.10
  131.25    180.00   12.80
  131.30    203.00   13.20
  131.35    175.00   12.60
  131.40    183.00   12.50
  131.45    192.00   13.20
  131.50    174.00   12.30
  131.55    180.00   12.80
  131.60    179.00   12.50
  131.65    191.00   13.20
  131.70    182.00   12.60
  131.75    174.00   12.60
  131.80    191.00   12.90
  131.85    195.00   13.40
  131.90    171.00   12.30
  131.95    198.00   13.60
  132.00    193.00   13.10
  132.05    175.00   12.80
  132.10    207.00   13.60
  132.15    189.00   13.40
  132.20    174.00   12.50
  132.25    196.00   13.70
  132.30    175.00   12.60
  132.35    196.00   13.80
  132.40    183.00   13.00
  132.45    198.00   13.80
  132.50    196.00   13.40
  132.55    169.00   12.90
  132.60    189.00   13.30
  132.65    171.00   13.00
  132.70    193.00   13.50
  132.75    170.00   13.00
  132.80    175.00   12.90
  132.85    166.00   12.90
  132.90    188.00   13.40
  132.95    186.00   13.70
  133.00    165.00   12.60
  133.05    201.00   14.20
  133.10    182.00   13.20
  133.15    151.00   12.40
  133.20    156.00   12.20
  133.25    187.00   13.70
  133.30    153.00   12.10
  133.35    193.00   14.00
  133.40    200.00   13.90
  133.45    165.00   12.90
  133.50    172.00   12.90
  133.55    162.00   12.70
  133.60    165.00   12.50
  133.65    218.00   14.70
  133.70    197.00   13.60
  133.75    206.00   14.20
  133.80    186.00   13.20
  133.85    162.00   12.50
  133.90    176.00   12.80
  133.95    174.00   12.90
  134.00    196.00   13.40
  134.05    174.00   12.90
  134.10    177.00   12.70
  134.15    183.00   13.10
  134.20    184.00   12.90
  134.25    185.00   13.10
  134.30    200.00   13.40
  134.35    175.00   12.70
  134.40    190.00   13.00
  134.45    195.00   13.40
  134.50    192.00   13.00
  134.55    171.00   12.50
  134.60    194.00   13.00
  134.65    190.00   13.10
  134.70    165.00   12.00
  134.75    192.00   13.20
  134.80    160.00   11.70
  134.85    192.00   13.10
  134.90    181.00   12.50
  134.95    208.00   13.70
  135.00    179.00   12.40
  135.05    172.00   12.40
  135.10    183.00   12.50
  135.15    187.00   12.90
  135.20    185.00   12.50
  135.25    182.00   12.70
  135.30    184.00   12.50
  135.35    163.00   11.90
  135.40    201.00   13.00
  135.45    189.00   12.80
  135.50    204.00   13.10
  135.55    178.00   12.50
  135.60    178.00   12.20
  135.65    193.00   13.00
  135.70    215.00   13.40
  135.75    203.00   13.30
  135.80    216.00   13.40
  135.85    165.00   12.10
  135.90    196.00   12.80
  135.95    178.00   12.50
  136.00    170.00   11.90
  136.05    173.00   12.40
  136.10    188.00   12.60
  136.15    176.00   12.50
  136.20    186.00   12.50
  136.25    189.00   12.90
  136.30    166.00   11.80
  136.35    177.00   12.50
  136.40    169.00   11.90
  136.45    171.00   12.30
  136.50    194.00   12.80
  136.55    187.00   12.90
  136.60    162.00   11.70
  136.65    160.00   11.90
  136.70    183.00   12.40
  136.75    150.00   11.50
  136.80    180.00   12.40
  136.85    194.00   13.20
  136.90    185.00   12.60
  136.95    158.00   11.90
  137.00    193.00   12.90
  137.05    165.00   12.20
  137.10    178.00   12.30
  137.15    183.00   12.90
  137.20    180.00   12.40
  137.25    176.00   12.70
  137.30    183.00   12.60
  137.35    189.00   13.20
  137.40    180.00   12.50
  137.45    160.00   12.20
  137.50    202.00   13.30
  137.55    201.00   13.60
  137.60    173.00   12.30
  137.65    176.00   12.80
  137.70    195.00   13.10
  137.75    197.00   13.50
  137.80    186.00   12.80
  137.85    183.00   13.00
  137.90    175.00   12.40
  137.95    178.00   12.80
  138.00    190.00   12.90
  138.05    174.00   12.70
  138.10    163.00   12.00
  138.15    190.00   13.30
  138.20    169.00   12.20
  138.25    198.00   13.60
  138.30    199.00   13.30
  138.35    184.00   13.10
  138.40    216.00   13.90
  138.45    183.00   13.10
  138.50    200.00   13.40
  138.55    186.00   13.30
  138.60    177.00   12.70
  138.65    186.00   13.40
  138.70    193.00   13.30
  138.75    200.00   14.00
  138.80    180.00   12.90
  138.85    178.00   13.20
  138.90    198.00   13.60
  138.95    236.00   15.30
  139.00    203.00   13.80
  139.05    207.00   14.30
  139.10    190.00   13.40
  139.15    171.00   13.10
  139.20    203.00   13.90
  139.25    203.00   14.20
  139.30    198.00   13.70
  139.35    200.00   14.20
  139.40    187.00   13.30
  139.45    214.00   14.70
  139.50    198.00   13.70
  139.55    220.00   14.80
  139.60    196.00   13.70
  139.65    239.00   15.50
  139.70    212.00   14.20
  139.75    219.00   14.80
  139.80    248.00   15.40
  139.85    220.00   14.80
  139.90    241.00   15.10
  139.95    245.00   15.50
  140.00    269.00   15.90
  140.05    294.00   17.00
  140.10    323.00   17.40
  140.15    302.00   17.20
  140.20    312.00   17.10
  140.25    371.00   18.90
  140.30    420.00   19.70
  140.35    516.00   22.30
  140.40    596.00   23.40
  140.45    644.00   24.70
  140.50    711.00   25.40
  140.55    833.00   28.10
  140.60    895.00   28.40
  140.65   1010.00   30.70
  140.70   1058.00   30.80
  140.75   1183.00   33.10
  140.80   1278.00   33.70
  140.85   1298.00   34.60
  140.90   1419.00   35.40
  140.95   1381.00   35.60
  141.00   1299.00   33.80
  141.05   1371.00   35.40
  141.10   1273.00   33.30
  141.15   1131.00   32.10
  141.20    992.00   29.40
  141.25    918.00   28.90
  141.30    832.00   26.90
  141.35    655.00   24.50
  141.40    629.00   23.50
  141.45    522.00   21.90
  141.50    472.00   20.30
  141.55    409.00   19.30
  141.60    371.00   18.00
  141.65    325.00   17.30
  141.70    306.00   16.30
  141.75    270.00   15.70
  141.80    238.00   14.40
  141.85    231.00   14.50
  141.90    232.00   14.20
  141.95    223.00   14.30
  142.00    221.00   13.90
  142.05    244.00   14.90
  142.10    228.00   14.10
  142.15    212.00   13.90
  142.20    226.00   14.00
  142.25    197.00   13.40
  142.30    204.00   13.30
  142.35    189.00   13.10
  142.40    201.00   13.20
  142.45    226.00   14.30
  142.50    210.00   13.50
  142.55    213.00   13.90
  142.60    202.00   13.30
  142.65    206.00   13.70
  142.70    189.00   12.80
  142.75    213.00   13.90
  142.80    193.00   12.90
  142.85    206.00   13.70
  142.90    204.00   13.30
  142.95    188.00   13.10
  143.00    221.00   13.80
  143.05    203.00   13.60
  143.10    192.00   12.90
  143.15    197.00   13.40
  143.20    187.00   12.70
  143.25    206.00   13.70
  143.30    197.00   13.10
  143.35    182.00   12.80
  143.40    186.00   12.70
  143.45    228.00   14.40
  143.50    201.00   13.20
  143.55    176.00   12.60
  143.60    193.00   12.90
  143.65    200.00   13.50
  143.70    189.00   12.80
  143.75    198.00   13.40
  143.80    188.00   12.80
  143.85    169.00   12.40
  143.90    183.00   12.60
  143.95    198.00   13.40
  144.00    156.00   11.60
  144.05    172.00   12.50
  144.10    190.00   12.80
  144.15    166.00   12.30
  144.20    163.00   11.90
  144.25    184.00   13.00
  144.30    182.00   12.60
  144.35    173.00   12.60
  144.40    182.00   12.60
  144.45    183.00   13.00
  144.50    186.00   12.80
  144.55    195.00   13.40
  144.60    204.00   13.40
  144.65    179.00   13.00
  144.70    192.00   13.10
  144.75    213.00   14.10
  144.80    187.00   12.90
  144.85    194.00   13.50
  144.90    185.00   12.90
  144.95    183.00   13.20
  145.00    192.00   13.20
  145.05    201.00   13.90
  145.10    211.00   13.90
  145.15    163.00   12.50
  145.20    202.00   13.60
  145.25    197.00   13.80
  145.30    183.00   13.00
  145.35    177.00   13.20
  145.40    188.00   13.20
  145.45    158.00   12.50
  145.50    184.00   13.20
  145.55    162.00   12.70
  145.60    169.00   12.70
  145.65    171.00   13.10
  145.70    188.00   13.40
  145.75    167.00   13.00
  145.80    182.00   13.20
  145.85    197.00   14.10
  145.90    179.00   13.10
  145.95    172.00   13.20
  146.00    163.00   12.50
  146.05    172.00   13.10
  146.10    178.00   13.00
  146.15    179.00   13.40
  146.20    171.00   12.80
  146.25    189.00   13.70
  146.30    190.00   13.40
  146.35    185.00   13.50
  146.40    169.00   12.60
  146.45    165.00   12.70
  146.50    185.00   13.10
  146.55    158.00   12.40
  146.60    190.00   13.30
  146.65    165.00   12.60
  146.70    173.00   12.60
  146.75    206.00   14.10
  146.80    170.00   12.50
  146.85    193.00   13.60
  146.90    167.00   12.30
  146.95    182.00   13.10
  147.00    191.00   13.20
  147.05    175.00   12.90
  147.10    184.00   12.90
  147.15    163.00   12.40
  147.20    174.00   12.50
  147.25    176.00   12.90
  147.30    163.00   12.10
  147.35    174.00   12.80
  147.40    155.00   11.80
  147.45    153.00   12.00
  147.50    190.00   13.00
  147.55    190.00   13.30
  147.60    169.00   12.30
  147.65    189.00   13.30
  147.70    177.00   12.60
  147.75    167.00   12.50
  147.80    163.00   12.00
  147.85    196.00   13.50
  147.90    175.00   12.50
  147.95    146.00   11.60
  148.00    170.00   12.20
  148.05    179.00   12.90
  148.10    182.00   12.60
  148.15    175.00   12.70
  148.20    171.00   12.30
  148.25    201.00   13.60
  148.30    181.00   12.60
  148.35    152.00   11.80
  148.40    194.00   13.00
  148.45    160.00   12.20
  148.50    179.00   12.50
  148.55    181.00   12.90
  148.60    175.00   12.40
  148.65    178.00   12.80
  148.70    186.00   12.80
  148.75    195.00   13.40
  148.80    166.00   12.00
  148.85    184.00   13.00
  148.90    215.00   13.70
  148.95    183.00   12.90
  149.00    184.00   12.60
  149.05    174.00   12.60
  149.10    175.00   12.30
  149.15    171.00   12.50
  149.20    166.00   12.00
  149.25    188.00   13.00
  149.30    165.00   11.90
  149.35    184.00   12.90
  149.40    181.00   12.60
  149.45    174.00   12.60
  149.50    178.00   12.40
  149.55    191.00   13.20
  149.60    181.00   12.50
  149.65    174.00   12.60
  149.70    180.00   12.50
  149.75    177.00   12.70
  149.80    164.00   11.90
  149.85    203.00   13.60
  149.90    178.00   12.40
  149.95    162.00   12.20
  150.00    192.00   12.90
  150.05    164.00   12.20
  150.10    151.00   11.40
  150.15    170.00   12.50
  150.20    166.00   12.00
  150.25    194.00   13.30
  150.30    168.00   12.10
  150.35    173.00   12.50
  150.40    175.00   12.30
  150.45    193.00   13.30
  150.50    177.00   12.40
  150.55    185.00   13.00
  150.60    178.00   12.40
  150.65    178.00   12.70
  150.70    179.00   12.50
  150.75    180.00   12.90
  150.80    169.00   12.20
  150.85    177.00   12.80
  150.90    159.00   11.80
  150.95    167.00   12.40
  151.00    180.00   12.60
  151.05    158.00   12.20
  151.10    173.00   12.40
  151.15    172.00   12.70
  151.20    163.00   12.10
  151.25    168.00   12.60
  151.30    166.00   12.20
  151.35    179.00   13.00
  151.40    159.00   12.00
  151.45    173.00   12.90
  151.50    170.00   12.40
  151.55    151.00   12.10
  151.60    174.00   12.60
  151.65    182.00   13.20
  151.70    182.00   12.90
  151.75    172.00   12.90
  151.80    157.00   12.00
  151.85    156.00   12.30
  151.90    168.00   12.50
  151.95    194.00   13.80
  152.00    177.00   12.80
  152.05    170.00   12.90
  152.10    169.00   12.60
  152.15    173.00   13.00
  152.20    161.00   12.30
  152.25    169.00   12.90
  152.30    167.00   12.50
  152.35    194.00   13.80
  152.40    150.00   11.90
  152.45    159.00   12.50
  152.50    181.00   13.10
  152.55    180.00   13.30
  152.60    193.00   13.40
  152.65    192.00   13.70
  152.70    152.00   11.90
  152.75    159.00   12.50
  152.80    147.00   11.70
  152.85    190.00   13.60
  152.90    167.00   12.40
  152.95    193.00   13.60
  153.00    159.00   12.10
  153.05    195.00   13.60
  153.10    172.00   12.50
  153.15    148.00   11.90
  153.20    174.00   12.50
  153.25    194.00   13.50
  153.30    159.00   11.90
  153.35    190.00   13.30
  153.40    181.00   12.70
  153.45    159.00   12.10
  153.50    168.00   12.20
  153.55    175.00   12.70
  153.60    184.00   12.70
  153.65    200.00   13.50
  153.70    161.00   11.90
  153.75    162.00   12.10
  153.80    152.00   11.50
  153.85    177.00   12.70
  153.90    173.00   12.20
  153.95    184.00   12.90
  154.00    169.00   12.10
  154.05    163.00   12.10
  154.10    177.00   12.40
  154.15    171.00   12.50
  154.20    180.00   12.50
  154.25    201.00   13.40
  154.30    206.00   13.30
  154.35    181.00   12.70
  154.40    170.00   12.00
  154.45    177.00   12.60
  154.50    196.00   12.90
  154.55    201.00   13.40
  154.60    161.00   11.70
  154.65    179.00   12.60
  154.70    185.00   12.50
  154.75    167.00   12.10
  154.80    162.00   11.70
  154.85    178.00   12.60
  154.90    203.00   13.10
  154.95    193.00   13.10
  155.00    164.00   11.70
  155.05    191.00   13.00
  155.10    173.00   12.10
  155.15    165.00   12.00
  155.20    178.00   12.20
  155.25    196.00   13.20
  155.30    188.00   12.50
  155.35    183.00   12.70
  155.40    188.00   12.60
  155.45    166.00   12.10
  155.50    189.00   12.60
  155.55    175.00   12.40
  155.60    173.00   12.00
  155.65    201.00   13.30
  155.70    177.00   12.20
  155.75    202.00   13.30
  155.80    169.00   11.90
  155.85    198.00   13.20
  155.90    191.00   12.70
  155.95    207.00   13.50
  156.00    226.00   13.80
  156.05    184.00   12.80
  156.10    218.00   13.50
  156.15    215.00   13.80
  156.20    239.00   14.20
  156.25    292.00   16.10
  156.30    251.00   14.60
  156.35    255.00   15.10
  156.40    244.00   14.40
  156.45    259.00   15.20
  156.50    260.00   14.90
  156.55    294.00   16.30
  156.60    303.00   16.10
  156.65    282.00   15.90
  156.70    312.00   16.40
  156.75    317.00   16.90
  156.80    342.00   17.20
  156.85    338.00   17.50
  156.90    351.00   17.40
  156.95    359.00   18.10
  157.00    394.00   18.50
  157.05    316.00   17.00
  157.10    379.00   18.20
  157.15    359.00   18.20
  157.20    404.00   18.80
  157.25    381.00   18.80
  157.30    359.00   17.80
  157.35    364.00   18.40
  157.40    347.00   17.60
  157.45    328.00   17.50
  157.50    344.00   17.50
  157.55    320.00   17.40
  157.60    333.00   17.40
  157.65    319.00   17.50
  157.70    289.00   16.30
  157.75    284.00   16.60
  157.80    283.00   16.20
  157.85    305.00   17.20
  157.90    281.00   16.20
  157.95    244.00   15.60
  158.00    253.00   15.40
  158.05    245.00   15.60
  158.10    210.00   14.10
  158.15    201.00   14.20
  158.20    226.00   14.70
  158.25    206.00   14.40
  158.30    218.00   14.40
  158.35    201.00   14.30
  158.40    226.00   14.70
  158.45    201.00   14.20
  158.50    210.00   14.20
  158.55    207.00   14.40
  158.60    176.00   13.00
  158.65    172.00   13.10
  158.70    173.00   12.90
  158.75    195.00   13.90
  158.80    168.00   12.70
  158.85    177.00   13.30
  158.90    186.00   13.30
  158.95    170.00   13.00
  159.00    190.00   13.40
  159.05    175.00   13.10
  159.10    191.00   13.40
  159.15    164.00   12.70
  159.20    189.00   13.30
  159.25    176.00   13.10
  159.30    175.00   12.80
  159.35    162.00   12.50
  159.40    184.00   13.00
  159.45    163.00   12.50
  159.50    179.00   12.80
  159.55    194.00   13.60
  159.60    165.00   12.20
  159.65    180.00   13.00
  159.70    174.00   12.60
  159.75    180.00   13.00
  159.80    179.00   12.60
  159.85    189.00   13.30
  159.90    185.00   12.90
  159.95    151.00   11.80
  160.00    176.00   12.50
  160.05    165.00   12.30
  160.10    163.00   12.00
  160.15    184.00   13.00
  160.20    157.00   11.70
  160.25    166.00   12.30
  160.30    160.00   11.80
  160.35    183.00   12.90
  160.40    167.00   12.10
  160.45    180.00   12.80
  160.50    183.00   12.60
  160.55    163.00   12.20
  160.60    178.00   12.40
  160.65    179.00   12.80
  160.70    161.00   11.80
  160.75    168.00   12.40
  160.80    173.00   12.30
  160.85    202.00   13.60
  160.90    145.00   11.30
  160.95    162.00   12.20
  161.00    180.00   12.50
  161.05    186.00   13.10
  161.10    166.00   12.10
  161.15    177.00   12.70
  161.20    194.00   13.10
  161.25    177.00   12.80
  161.30    178.00   12.50
  161.35    190.00   13.20
  161.40    160.00   11.90
  161.45    173.00   12.60
  161.50    191.00   12.90
  161.55    161.00   12.20
  161.60    181.00   12.60
  161.65    152.00   11.80
  161.70    195.00   13.00
  161.75    171.00   12.50
  161.80    188.00   12.80
  161.85    164.00   12.20
  161.90    185.00   12.70
  161.95    173.00   12.60
  162.00    162.00   11.90
  162.05    166.00   12.30
  162.10    201.00   13.20
  162.15    173.00   12.60
  162.20    172.00   12.20
  162.25    181.00   12.80
  162.30    159.00   11.70
  162.35    185.00   13.00
  162.40    170.00   12.10
  162.45    200.00   13.50
  162.50    196.00   13.00
  162.55    176.00   12.60
  162.60    197.00   13.00
  162.65    176.00   12.60
  162.70    181.00   12.50
  162.75    176.00   12.60
  162.80    184.00   12.60
  162.85    179.00   12.70
  162.90    165.00   11.90
  162.95    146.00   11.50
  163.00    165.00   11.90
  163.05    151.00   11.70
  163.10    164.00   11.90
  163.15    179.00   12.80
  163.20    186.00   12.70
  163.25    182.00   13.00
  163.30    168.00   12.20
  163.35    193.00   13.50
  163.40    177.00   12.60
  163.45    180.00   13.10
  163.50    171.00   12.40
  163.55    207.00   14.10
  163.60    180.00   12.90
  163.65    159.00   12.40
  163.70    165.00   12.40
  163.75    178.00   13.20
  163.80    150.00   11.80
  163.85    177.00   13.20
  163.90    174.00   12.80
  163.95    180.00   13.40
  164.00    184.00   13.20
  164.05    166.00   13.60
  164.10    182.00   13.90
  164.15    188.00   15.60
  164.20    186.00   15.00
  164.25    152.00   15.20
  164.30    200.00   16.90
  164.35    177.00   18.00
  164.40    202.00   18.50
  164.45    178.00   20.40
  164.50    153.00   18.00
  164.55    197.00   25.30
  164.60    153.00   20.70
  164.65    173.00   30.10
  164.70    187.00   27.90
  164.75    175.00   38.20
  164.80    168.00   30.90
  164.85    109.00   41.20
